subscale,id,score_before,score_during,total_hours_played_before,total_hours_played_during,hours_diff,score_diff,score_before_ord,score_during_ord,loneliness_during
stress,1,18,34,10,35,25,16,18,34,7
stress,2,0,0,10,35,25,0,0,0,3
stress,3,2,4,0,15,15,2,2,4,8
stress,4,20,22,0,0,0,2,20,22,6
stress,5,20,36,22,30,8,16,20,36,5
stress,6,8,6,22,30,8,-2,8,6,3
stress,7,18,16,0,0,0,-2,18,16,5
stress,8,0,0,15,15,0,0,0,0,3
stress,9,30,14,20,80,60,-16,30,14,3
stress,10,14,12,25,35,10,-2,14,12,5
stress,11,0,0,30,0,-30,0,0,0,5
stress,12,0,6,8,4,-4,6,0,6,4
stress,13,6,4,10,35,25,-2,6,4,7
stress,14,24,38,0,0,0,14,24,38,6
stress,15,30,24,0,15,15,-6,30,24,7
stress,16,0,18,75,60,-15,18,0,18,5
stress,17,4,0,0,24,24,-4,4,0,5
stress,18,26,24,31,40,9,-2,26,24,9
stress,19,12,0,40,64,24,-12,12,0,3
stress,20,12,16,15,41,26,4,12,16,4
stress,21,2,12,15,35,20,10,2,12,7
stress,22,20,14,0,30,30,-6,20,14,6
stress,23,8,0,14.000000000000002,28.999999999999996,14.999999999999995,-8,8,0,3
stress,24,8,0,0,0,0,-8,8,0,3
stress,25,0,0,15,45,30,0,0,0,3
stress,26,20,34,35,15.75,-19.25,14,20,34,6
stress,27,12,24,0,0,0,12,12,24,9
stress,28,14,26,12,40,28,12,14,26,6
stress,29,10,16,35,35,0,6,10,16,6
stress,30,14,18,20,40,20,4,14,18,6
stress,31,6,14,6,18,12,8,6,14,7
stress,32,12,6,30,30,0,-6,12,6,7
stress,33,22,12,10,10,0,-10,22,12,4
stress,34,10,30,30,70,40,20,10,30,6
stress,35,0,0,0,21,21,0,0,0,3
stress,36,12,22,15,9,-6,10,12,22,4
stress,37,8,14,0,32,32,6,8,14,7
stress,38,8,8,25,45,20,0,8,8,5
stress,39,12,14,0,0,0,2,12,14,3
stress,40,2,14,43.2,56.24,13.04,12,2,14,5
stress,41,30,28,4,7.000000000000001,3.000000000000001,-2,30,28,8
stress,42,18,20,5,8,3,2,18,20,8
stress,43,22,18,0,90,90,-4,22,18,5
stress,44,12,8,6,25,19,-4,12,8,9
stress,45,14,18,48,40,-8,4,14,18,7
stress,46,2,4,50,0,-50,2,2,4,4
stress,47,14,18,21,30,9,4,14,18,9
stress,48,12,10,40,35,-5,-2,12,10,4
stress,49,28,36,15,20,5,8,28,36,6
stress,50,16,28,2,15,13,12,16,28,5
stress,51,8,10,0,0,0,2,8,10,3
stress,52,12,8,20,50,30,-4,12,8,5
stress,53,10,12,8,14,6,2,10,12,6
stress,54,4,6,0,0,0,2,4,6,3
stress,55,6,0,20,22,2,-6,6,0,3
stress,56,20,24,6,14.000000000000002,8.000000000000002,4,20,24,9
stress,57,16,20,30,45,15,4,16,20,9
stress,58,28,20,15,0,-15,-8,28,20,7
stress,59,14,22,0,0,0,8,14,22,9
stress,60,34,36,45,30,-15,2,34,36,9
stress,61,14,12,15,0,-15,-2,14,12,6
stress,62,6,16,0,10,10,10,6,16,8
stress,63,8,16,14.000000000000002,30,15.999999999999998,8,8,16,5
stress,64,22,10,5,15,10,-12,22,10,6
stress,65,12,24,0,0,0,12,12,24,9
stress,66,22,32,8,40,32,10,22,32,6
stress,67,12,14,25,34,9,2,12,14,6
stress,68,24,18,20,23,3,-6,24,18,6
stress,69,18,18,15,20,5,0,18,18,8
stress,70,34,42,15,45,30,8,34,42,9
stress,71,24,24,30,75,45,0,24,24,3
stress,72,10,10,6,20,14,0,10,10,6
stress,73,10,10,8,21,13,0,10,10,5
stress,74,6,20,27.000000000000004,55,27.999999999999996,14,6,20,9
stress,75,2,2,2,8,6,0,2,2,4
stress,76,20,32,15,30,15,12,20,32,9
stress,77,2,2,10,10,0,0,2,2,6
stress,78,16,10,25,60.99999999999999,35.99999999999999,-6,16,10,5
stress,79,30,36,16,55,39,6,30,36,6
stress,80,8,6,60,60,0,-2,8,6,5
stress,81,10,18,7.000000000000001,20,13,8,10,18,3
stress,82,14,12,14.000000000000002,32,18,-2,14,12,3
stress,83,2,2,28.000000000000004,0,-28.000000000000004,0,2,2,4
stress,84,16,8,12,30,18,-8,16,8,3
stress,85,16,0,0,0,0,-16,16,0,6
stress,86,12,24,0,0,0,12,12,24,6
stress,87,0,6,12,5,-7,6,0,6,6
stress,88,8,8,10,20,10,0,8,8,7
stress,89,20,18,14.000000000000002,6,-8.000000000000002,-2,20,18,3
stress,90,26,26,60,89,29,0,26,26,8
stress,91,16,28,60,90,30,12,16,28,4
stress,92,28,36,8,12,4,8,28,36,7
stress,93,14,22,30,40,10,8,14,22,6
stress,94,22,34,0,0,0,12,22,34,9
stress,95,16,18,35,45,10,2,16,18,9
stress,96,18,18,35,77,42,0,18,18,3
stress,97,20,40,0,20,20,20,20,40,3
stress,98,10,12,0,0,0,2,10,12,7
stress,99,14,20,20,5,-15,6,14,20,4
stress,100,4,4,10,10,0,0,4,4,3
stress,101,18,20,40,40,0,2,18,20,3
stress,102,14,12,43.199999999999996,0,-43.199999999999996,-2,14,12,6
stress,103,16,20,15,30,15,4,16,20,5
stress,104,10,6,15,0,-15,-4,10,6,3
stress,105,4,6,20,22,2,2,4,6,3
stress,106,10,8,2,10,8,-2,10,8,3
stress,107,12,4,4,16,12,-8,12,4,5
stress,108,12,24,0,30,30,12,12,24,8
stress,109,0,0,0,0,0,0,0,0,6
stress,110,14,12,0,10,10,-2,14,12,7
stress,111,6,10,10,15,5,4,6,10,3
stress,112,22,30,10,20,10,8,22,30,9
stress,113,24,22,35,50,15,-2,24,22,5
stress,114,6,0,5,16,11,-6,6,0,8
stress,115,0,0,36,50,14,0,0,0,4
stress,116,12,14,0,0,0,2,12,14,6
stress,117,8,12,22,25,3,4,8,12,9
stress,118,22,34,35,40,5,12,22,34,8
stress,119,2,2,15,15,0,0,2,2,6
stress,120,12,4,0,30,30,-8,12,4,4
stress,121,18,14,0,7.000000000000001,7.000000000000001,-4,18,14,7
stress,122,16,16,20,15,-5,0,16,16,8
stress,123,6,14,0,0,0,8,6,14,4
stress,124,4,2,60,70,10,-2,4,2,3
stress,125,12,16,8,10,2,4,12,16,4
stress,126,30,34,40,20,-20,4,30,34,9
stress,127,20,8,25,45,20,-12,20,8,5
stress,128,26,14,24,24,0,-12,26,14,5
stress,129,8,16,15,21,6,8,8,16,6
stress,130,0,22,40,50,10,22,0,22,7
stress,131,14,14,0,10,10,0,14,14,9
stress,132,2,6,0,25,25,4,2,6,5
stress,133,10,18,0,30,30,8,10,18,6
stress,134,12,24,30,0,-30,12,12,24,9
stress,135,12,12,60,60,0,0,12,12,4
stress,136,16,14,13,30,17,-2,16,14,5
stress,137,6,4,0,0,0,-2,6,4,6
stress,138,6,18,0,8,8,12,6,18,7
stress,139,18,16,10,15,5,-2,18,16,7
stress,140,16,18,0,0,0,2,16,18,3
stress,141,6,34,25,45,20,28,6,34,9
stress,142,10,14,10,22,12,4,10,14,5
stress,143,4,12,70,90,20,8,4,12,7
stress,144,10,30,0,0,0,20,10,30,7
stress,145,34,20,0,0,0,-14,34,20,5
stress,146,0,0,13,14.000000000000002,1.0000000000000018,0,0,0,3
stress,147,30,26,60,90,30,-4,30,26,7
stress,148,2,0,45,0,-45,-2,2,0,3
stress,149,0,8,20,40,20,8,0,8,4
stress,150,6,8,11.999999999999998,0,-11.999999999999998,2,6,8,6
stress,151,20,20,21,40,19,0,20,20,9
stress,152,20,28,12,28.000000000000004,16.000000000000004,8,20,28,7
stress,153,4,6,15,15,0,2,4,6,3
stress,154,22,18,15,40,25,-4,22,18,8
stress,155,4,10,0,0,0,6,4,10,7
stress,156,6,10,16,30,14,4,6,10,4
stress,157,4,2,27,31,4,-2,4,2,6
stress,158,16,10,42,28,-14,-6,16,10,5
stress,159,12,20,8,30,22,8,12,20,6
stress,160,34,38,30,16,-14,4,34,38,8
stress,161,14,20,0,35,35,6,14,20,5
stress,162,12,14,8,10,2,2,12,14,3
stress,163,10,6,30,43,13,-4,10,6,6
stress,164,10,8,15,0,-15,-2,10,8,9
stress,165,6,12,30,38,8,6,6,12,4
stress,166,20,26,49,65,16,6,20,26,8
stress,167,34,24,0,0,0,-10,34,24,4
stress,168,2,8,2,10,8,6,2,8,4
stress,169,12,22,0,0,0,10,12,22,3
stress,170,16,14,0,50,50,-2,16,14,9
stress,171,16,10,5.999999999999999,55,49,-6,16,10,6
stress,172,18,12,8,45,37,-6,18,12,7
stress,173,16,22,25,30,5,6,16,22,9
stress,174,8,10,0,0,0,2,8,10,4
stress,175,2,0,0,0,0,-2,2,0,3
stress,176,24,34,20,60,40,10,24,34,7
stress,177,12,14,40,60,20,2,12,14,6
stress,178,8,10,45,45,0,2,8,10,7
stress,179,14,24,15,30,15,10,14,24,5
stress,180,10,14,0,18,18,4,10,14,8
stress,181,12,18,14,20,6,6,12,18,4
stress,182,10,24,15,10,-5,14,10,24,7
stress,183,12,12,0,0,0,0,12,12,5
stress,184,20,26,30,46,16,6,20,26,9
stress,185,4,14,5,12,7,10,4,14,5
stress,186,18,28,10,40,30,10,18,28,9
stress,187,18,36,10,25,15,18,18,36,9
stress,188,8,26,25,35,10,18,8,26,6
stress,189,4,10,27,25,-2,6,4,10,5
stress,190,8,8,12,24,12,0,8,8,3
stress,191,10,16,0,0,0,6,10,16,3
stress,192,20,20,30,40,10,0,20,20,9
stress,193,26,26,0,28.000000000000004,28.000000000000004,0,26,26,7
stress,194,28,28,13,51,38,0,28,28,9
stress,195,4,2,24,50,26,-2,4,2,3
stress,196,6,18,15,25,10,12,6,18,6
stress,197,26,26,8,10,2,0,26,26,4
stress,198,4,2,11.999999999999998,35,23,-2,4,2,6
stress,199,10,0,33,46,13,-10,10,0,3
stress,200,22,34,0,0,0,12,22,34,8
stress,201,26,8,3,13.5,10.5,-18,26,8,4
stress,202,0,2,35,45,10,2,0,2,3
stress,203,16,40,20,36,16,24,16,40,6
stress,204,12,16,11,6,-5,4,12,16,6
stress,205,8,20,20,60,40,12,8,20,5
stress,206,22,26,40,55,15,4,22,26,8
stress,207,28,32,7.000000000000001,26,19,4,28,32,9
stress,208,14,6,12,35,23,-8,14,6,3
stress,209,10,18,30,70,40,8,10,18,6
stress,210,16,24,40,80,40,8,16,24,7
stress,211,26,38,20,30,10,12,26,38,8
stress,212,14,24,30,38,8,10,14,24,6
stress,213,14,24,10,31,21,10,14,24,8
stress,214,28,24,30,0,-30,-4,28,24,8
stress,215,10,24,0,0,0,14,10,24,5
stress,216,28,28,25,37,12,0,28,28,5
stress,217,18,20,40,65,25,2,18,20,7
stress,218,4,0,25,55,30,-4,4,0,3
stress,219,8,10,13,22,9,2,8,10,8
stress,220,4,4,9,7,-2,0,4,4,6
